1 10.03.2021 7 143.38 13 146.45 20 289.83 2 802 256.62
2 10.04.2021 5 771.84 14 517.99 20 289.83 2 796 484.78
3 10.05.2021 6 269.10 14 020.73 20 289.83 2 790 215.68
4 10.06.2021 5 834.22 14 455.61 20 289.83 2 784 381.46
5 10.07.2021 6 329.78 13 960.05 20 289.83 2 778 051.68
6 10.08.2021 5 897.24 14 392.59 20 289.83 2 772 154.44
7 10.09.2021 5 927.79 14 362.04 20 289.83 2 766 226.65
8 10.10.2021 6 420.80 13 869.03 20 289.83 2 759 805.85
9 10.11.2021 5 991.77 14 298.06 20 289.83 2 753 814.08
10 10.12.2021 6 483.04 13 806.79 20 289.83 2 747 331.04
11 10.01.2022 6 056.40 14 233.43 20 289.83 2 741 274.64
12 10.02.2022 6 087.77 14 202.06 20 289.83 2 735 186.87
13 10.03.2022 7 490.65 12 799.18 20 289.83 2 727 696.22
14 10.04.2022 6 158.12 14 131.71 20 289.83 2 721 538.10
15 10.05.2022 6 644.86 13 644.97 20 289.83 2 714 893.24
16 10.06.2022 6 224.45 14 065.38 20 289.83 2 708 668.79
17 10.07.2022 6 709.38 13 580.45 20 289.83 2 701 959.41
18 10.08.2022 6 291.46 13 998.37 20 289.83 2 695 667.95
19 10.09.2022 6 324.05 13 965.78 20 289.83 2 689 343.90
20 10.10.2022 6 806.27 13 483.56 20 289.83 2 682 537.63
21 10.11.2022 6 392.08 13 897.75 20 289.83 2 676 145.55
22 10.12.2022 6 872.44 13 417.39 20 289.83 2 669 273.11